# Created by Octave 4.0.0, Sun Aug 23 00:27:12 2015 India Standard Time <unknown@SIDDHARTHA-PC>
# name: theta
# type: matrix
# rows: 3200
# columns: 1
 -0.001456806422505143
 0.001629379820306729
 0.001571779247574284
 0.005825027354674472
 0.004104786193501041
 -0.001499612141546419
 0.0216897427336823
 0.002259790019495809
 -0.002683064465685074
 0.01984899308148478
 0.001341738366575779
 0.003850599337087439
 -0.007502400008535526
 0.002218081592408471
 -0.002460299050429385
 0.004593043736955356
 0.002132785443849562
 -0.01439379626516521
 -0.01445193448341536
 -0.001168089125909579
 -0.002114261174604542
 -0.001927199298769191
 0.0003616190771445378
 -0.03544135084038052
 -0.001238020885255067
 -0.00123076180010686
 -0.00729615937037028
 -0.0043147528433167
 -0.00086568906177372
 0.001986336832634185
 -0.007123123220457202
 -0.003600215319069009
 0.02251892718133684
 0.0006051932283392893
 -0.0003000069981288654
 -0.002605183350943759
 0.003036401648653461
 -0.008155368985365327
 0.0055130645389278
 0.003850121188627475
 -0.001680227119703281
 0.01386831649695294
 0.0004955445834384023
 -0.03480748881368667
 -0.0003207381770202241
 0.002631093621263714
 -0.002483386487258044
 -0.001056488556063891
 0.0001152824054274365
 -0.00310383718469501
 -0.002458270147162866
 0.01440978585965975
 0.002354929358238067
 -0.001019579195778023
 -0.002895674790717554
 0.001253206320349822
 -0.001366707071447413
 0.001709963989669491
 0.0008824526030847581
 -2.898205641556351e-005
 0.001597075888531416
 0.001778561719851855
 0.004251038762047583
 0.002156149893186275
 0.004643242510199904
 -0.01985226908027771
 0.002814526599158389
 -5.59520627853782e-007
 0.01153715167014934
 -0.004609569835302402
 0.0008458346062186926
 -0.01345306494154932
 -0.002595615194119723
 0.003637991534672365
 -0.01064987148095649
 -0.001158980151050034
 0.0009301179034459858
 0.002477934506803158
 -0.001130081799987207
 -0.001693758936929098
 -0.003071999802748904
 0.003236510273996367
 -0.01692248294990136
 -0.008265758903066616
 0.03893917083007122
 0.002731810246123534
 -0.002059141697053407
 -0.006527561172419761
 -0.0003507467269285875
 0.002367938083682233
 -0.002987317153968399
 0.0001413795210311831
 0.001791453361184075
 0.005767938877426484
 0.003368082624085415
 -0.01426232348192228
 0.006731554040919589
 -0.00358729444547046
 0.004214842333564313
 0.005757160072441108
 0.004368688373226812
 -0.02050083230103395
 -0.002647306581562537
 0.003566947610307035
 -0.001781645953558967
 0.002642597122144531
 -0.02485277731186524
 0.007889803308707697
 -0.0003486842787417668
 -0.02507888011517476
 0.003729681589298844
 0.003680335814882924
 0.007599519017053331
 -0.001530893134768254
 -0.005444620805059119
 -0.0004318486270341124
 0.04589355535757574
 -0.0007936376273721389
 0.03205706595703527
 -0.0147308889935974
 -0.0009665809575801453
 0.003755602723859049
 0.0008477379714590854
 0.0007302508316819221
 0.001918238811081274
 -0.01721718452466628
 -0.01071145233545976
 0.00249905312674841
 -0.0009398569358743548
 0.002819904295949909
 -0.0008718928611569287
 0.03521419717762095
 -0.0007148435562594748
 0.002067649240504724
 -0.01707098339242877
 0.0004329194895528223
 -0.01030671007617565
 0.001243991283065089
 -0.0004760786517954462
 0.0009808342803426465
 -0.01467576729705163
 0.000915120046442933
 -0.001827314174038668
 -0.002538764524733302
 -0.0006280046161822751
 0.00304938067065205
 -0.005512721838417984
 0.005200092317107735
 0.0003002304181561771
 0.0004059381806666073
 -0.001914487011565855
 -0.001010914358879505
 0.01106783887502204
 0.003223152518481568
 -0.03463395359936134
 -0.003924137947936183
 -0.001825143979712385
 0.01601462946639837
 0.0007408717898203633
 0.007736553939772768
 -9.781930999066597e-007
 -0.009870924328790649
 -0.0001450002530163303
 0.004276408883726286
 -0.01798804369654071
 0.001418122187153236
 0.005459169197985844
 -0.002246770200534738
 -0.004011490692901385
 -0.006266116461819113
 -0.0004831475303009748
 -0.001009809916461078
 0.01456961011439127
 0.001382325756542365
 -0.003059902740189008
 0.003475275172762487
 0.001664938834977145
 -0.0240303435930959
 0.006100831771667655
 0.0003963241830563929
 -0.01518686152843907
 -0.04272309477701754
 0.008153173353648031
 0.004796129643814813
 0.001100634382771011
 -0.001328553347326566
 -0.002156400455443665
 -0.0005016579056680882
 0.0006556517693504672
 -0.006202404028806207
 -0.003408718728370231
 0.001941430600756555
 -0.001983809303666006
 -0.001021878873248547
 0.001398652733041247
 -0.001767732577562525
 0.001173150955966184
 0.009680451825952343
 -0.000967949649996391
 -0.006688424953356507
 0.001913330099900318
 0.006126561562000034
 0.002758448751500456
 0.0002657448890640655
 0.0006517394813783653
 0.01694424278624055
 -0.03481009800087279
 -0.01097048531066037
 0.001688527154567828
 0.01575278063561463
 -0.001877465047951884
 0.0001841256614319754
 -0.01324852966527922
 -0.01244073783811619
 0.00294767118571808
 -0.01075686585798353
 0.0001699857677643843
 0.01828152112841303
 0.01489908243290136
 -0.00299693145985743
 0.001371514050627716
 0.06961847730854735
 -0.003758370962935775
 -0.002949519485426431
 -0.004206749435277518
 0.007708387784705738
 -0.001078032270111888
 0.0005204925186997706
 -0.01676283232648199
 0.004640301980653076
 0.0002726878335098173
 -0.00842831467041192
 0.007210165191917784
 0.01476734364551108
 -0.005363086739790863
 0.01196162868431179
 -0.005940494038007164
 0.008349807838471907
 0.001855947773148491
 -0.003323116576037016
 -0.00281244140075091
 -0.004129723941185507
 9.345541873689162e-007
 0.006818004222612403
 0.0004178594859610115
 -0.001897457073182583
 0.0007697593407434405
 -0.0007387165286580535
 -0.01514274636541999
 -0.01211003938938106
 -0.005529955700841484
 0.001206786401056098
 -0.0006088286309435184
 0.002068365093832035
 0.005988545888918349
 0.0005430225249539074
 0.0004791072448485645
 -0.00308799771738207
 0.000742267379143494
 -0.007831864628921419
 -0.009720605001260978
 0.01382182562558149
 -0.02529022908081466
 0.001565845003763273
 0.009778560528347699
 0.0003840777482669502
 -0.005996853588459281
 0.0008182802120971786
 -0.002881327745617577
 0.01118901845855131
 0.0218150888959874
 -0.003716198699603801
 0.002207909126280048
 -0.002006926825426306
 -0.003784994529728505
 -0.002420838274386723
 -0.00192551910701064
 0.006060530107295545
 0.02285343887666099
 -0.0008616799205873047
 0.0008637105876025449
 -0.0009427451189984526
 -0.002404897833253785
 -0.001094051927724106
 -0.0005346450321421304
 0.004296498665039373
 0.01075875861204932
 0.002444080110765254
 -0.0009237666979594649
 0.0009432818998944825
 0.005561744398565945
 0.000395965498523658
 -0.03921476024865296
 0.001157761372751206
 0.0004498551550431848
 0.003868976171092374
 -0.0009110509052912752
 -0.009892826717996859
 -0.001588551601015348
 -0.001187530911739158
 0.003604005818748497
 -0.0008511362794626914
 -0.0008037204754311311
 -0.002391567042843613
 -0.005397054168328672
 3.714846091845171e-006
 -0.001483591586077889
 0.0007308827596449195
 -0.0004903608969604976
 0.0009783170440873521
 -0.000240373147780899
 0.002116633479668844
 0.002308466541338065
 -0.003064272094722081
 -0.003698770258044781
 9.677804774434022e-005
 0.002723357963044616
 0.0007744860121612169
 0.009587046171933577
 -0.003231210940099853
 -0.006951419878931309
 -0.004129979524545227
 0.0005454089744566255
 0.001451027582180004
 6.064227711662009e-005
 -0.004493392689454244
 -0.007629421978452626
 0.02184733233207212
 0.003934467690379445
 -1.017792703278744e-006
 -0.01004775554931965
 0.00429106236871983
 0.002157464575550572
 0.007466841602635066
